,Unnamed: 0,10_Digit_BBL,Street_Number,DOF_Gross_Square_Footage,Energy_Star_1-100_Score,Latitude,Longitude
Unnamed: 0,1.0,-0.49062813822508705,-0.42962382134035176,0.11173437995911766,-0.2704776181665865,0.8991945246107351,0.37719774886148205
10_Digit_BBL,-0.49062813822508705,1.0,0.597402442887882,-0.21297038663423137,0.202284370167361,0.9220885277351663,0.32020799233106445
Street_Number,-0.42962382134035176,0.597402442887882,1.0,-0.09059928060487128,0.07461674070317266,0.7865521863285189,0.07867156815457359
DOF_Gross_Square_Footage,0.11173437995911766,-0.21297038663423137,-0.09059928060487128,1.0,0.16934329875069587,-0.3548861097506963,0.22183044623019887
Energy_Star_1-100_Score,-0.2704776181665865,0.202284370167361,0.07461674070317266,0.16934329875069587,1.0,-0.22007995275228456,0.054779129711833206
Latitude,0.8991945246107351,0.9220885277351663,0.7865521863285189,-0.3548861097506963,-0.22007995275228456,1.0,0.0985433550171464
Longitude,0.37719774886148205,0.32020799233106445,0.07867156815457359,0.22183044623019887,0.054779129711833206,0.0985433550171464,1.0
